==========================================================================================
EXP-F1: V-ALIGNMENT-TRAJECTORY
==========================================================================================

==========================================================================================
SECTION 1: ╧ü(t) over 4000 decisions
==========================================================================================

  Seed 42:
       N    ╧ü_all    ╧ü_bnd   ╧ü_deep         V     Acc  n_bnd  n_deep
  -----------------------------------------------------------------
     100  +0.0898  -0.0649  +0.0376    0.5790  89.0%      4      52
     200  +0.0282  -0.0209  +0.0583    0.5704  83.0%      6      42
     300  -0.0597  -0.0475  +0.1564    0.5836  85.0%      6      29
     400  +0.0276  -0.0151  +0.0646    0.5752  78.0%      7      16
     500  -0.0585  +0.0140  -0.0878    0.5894  89.0%      3      19
     600  -0.0747  -0.2372  +0.0287    0.6095  83.0%     12      17
     700  -0.0788  +0.1683  -0.2476    0.6305  78.0%      4      16
     800  -0.0487  -0.0837  -0.1705    0.6565  81.0%      9      10
     900  -0.0686  -0.2277  -0.1101    0.6772  77.0%     14      12
    1000  -0.0529  +0.0069  -0.0965    0.6837  75.0%     10       5
    1100  -0.0931  -0.2618  -0.2499    0.6894  75.0%     10       6
    1200  -0.0618  -0.2436  -0.0502    0.7078  79.0%      8       9
    1300  -0.0988  -0.4144  -0.2186    0.7159  80.0%      6       5
    1400  -0.0224  -0.0359  -0.1706    0.7301  86.0%      6      10
    1500  -0.0926  -0.1311  -0.1217    0.7452  84.0%     10       7
    1600  -0.0731  -0.2438  +0.1102    0.7656  84.0%      7       6
    1700  -0.0632  -0.1991  -0.0026    0.7834  82.0%     11       5
    1800  -0.1266  -0.2074  -0.1283    0.8365  82.0%      8       9
    1900  -0.0850  -0.2356  +0.1192    0.8581  79.0%      8       4
    2000  -0.0609  -0.1808  +0.0335    0.8867  82.0%     15       4
    2100  -0.0392  +0.0110  -0.3057    0.9028  78.0%     15       4
    2200  -0.0137  -0.0656  +0.0364    0.8910  81.0%     14       5
    2300  -0.0023  +0.0283  +0.1889    0.8945  79.0%     12       5
    2400  -0.0002  +0.0429  -0.1750    0.9042  79.0%     12       5
    2500  -0.1169  -0.0228  -0.5638    0.9312  73.0%     13       2
    2600  -0.0488  -0.1189  +0.0447    0.9330  84.0%     13       2
    2700  -0.1247  -0.1929  -0.2282    0.9756  70.0%     13       4
    2800  -0.0416  +0.1110  +0.3592    0.9861  86.0%     13       1
    2900  -0.0566  -0.1544  +0.1406    0.9802  74.0%     15       4
    3000  -0.0632  -0.1985  +0.0000    0.9877  80.0%     15       0
    3100  -0.0902  -0.1474  +0.4229    1.0103  73.0%     20       3
    3200  -0.0754  -0.0161  +0.2127    1.0453  81.0%     16       1
    3300  -0.0540  -0.1395  +0.0000    1.0630  82.0%     19       0
    3400  -0.0752  -0.0115  +0.1230    1.0862  79.0%     19       4
    3500  -0.0885  -0.1996  +0.2600    1.1054  77.0%     25       1
    3600  -0.0592  -0.1067  +0.0000    1.1082  79.0%     19       0
    3700  -0.0749  +0.0097  +0.2096    1.1245  84.0%     16       2
    3800  -0.0493  +0.1085  +0.2029    1.1418  74.0%     19       2
    3900  -0.0320  -0.0200  +0.5193    1.1533  75.0%     27       1
    4000  -0.0329  -0.0957  +0.0000    1.1493  90.0%     15       0

  Seed 123:
       N    ╧ü_all    ╧ü_bnd   ╧ü_deep         V     Acc  n_bnd  n_deep
  -----------------------------------------------------------------
     100  -0.0527  +0.0744  -0.1373    0.7007  83.0%      8      52
     200  +0.0376  +0.2729  -0.1040    0.6871  78.0%      5      45
     300  -0.0111  -0.0767  -0.0774    0.6776  76.0%     10      34
     400  -0.0406  -0.0229  -0.0346    0.6692  78.0%      7      27
     500  -0.0678  -0.2487  +0.0056    0.6961  86.0%      7      30
     600  -0.1168  -0.3901  -0.1312    0.7281  81.0%     12      30
     700  -0.1203  -0.3110  -0.1298    0.7554  80.0%     14      24
     800  -0.0465  -0.2588  -0.0255    0.7801  82.0%     11      12
     900  -0.0404  -0.1136  -0.0074    0.7691  83.0%     20      10
    1000  -0.0669  -0.2205  -0.2133    0.7927  82.0%     12      10
    1100  -0.1280  -0.2834  -0.2333    0.8333  83.0%     16      11
    1200  -0.0922  -0.2858  +0.1044    0.8707  79.0%     21       8
    1300  -0.1211  -0.4118  -0.0969    0.8836  71.0%     21       4
    1400  -0.0487  -0.2365  -0.2811    0.8971  76.0%     27       7
    1500  -0.0905  -0.2495  -0.3466    0.9154  87.0%     32       2
    1600  -0.0821  -0.2697  -0.0398    0.9331  85.0%     31       6
    1700  -0.0767  -0.3700  +0.1490    0.9414  83.0%     27       5
    1800  -0.1304  -0.3070  -0.0271    0.9769  77.0%     25       7
    1900  -0.0569  -0.1128  +0.1347    0.9938  78.0%     22       4
    2000  -0.1040  -0.2548  +0.1046    1.0250  82.0%     34       4
    2100  -0.1126  -0.1733  +0.3040    1.0430  72.0%     38       4
    2200  -0.0667  -0.2620  +0.1381    1.0592  81.0%     23       2
    2300  -0.0499  -0.2724  -0.3124    1.0699  83.0%     26       3
    2400  -0.1578  -0.1691  +0.0000    1.1062  79.0%     43       0
    2500  -0.0113  -0.1817  -0.0213    1.0995  82.0%     33       1
    2600  -0.0631  -0.2050  -0.0484    1.1240  81.0%     30       3
    2700  -0.0947  -0.2929  -0.0811    1.1291  70.0%     35       1
    2800  -0.0334  -0.1699  -0.3048    1.1356  76.0%     35       1
    2900  -0.0253  -0.2135  +0.0964    1.1235  76.0%     32       2
    3000  -0.1220  -0.3077  -0.3894    1.1416  72.0%     35       3
    3100  -0.0626  -0.2535  -0.0377    1.1561  80.0%     30       2
    3200  -0.1118  -0.2645  +0.7549    1.1805  79.0%     27       1
    3300  -0.0793  -0.2258  +0.2412    1.1648  76.0%     35       1
    3400  -0.0746  -0.2483  +0.0000    1.1798  79.0%     34       0
    3500  -0.0817  -0.2775  +0.6270    1.1930  76.0%     27       1
    3600  -0.1181  -0.2308  -0.0422    1.2315  78.0%     38       1
    3700  -0.0977  -0.1926  -0.8518    1.2474  69.0%     30       1
    3800  -0.0389  -0.1587  +0.0069    1.2543  71.0%     26       1
    3900  -0.0790  -0.3551  +0.1318    1.2554  84.0%     34       2
    4000  -0.0680  -0.2494  +0.3310    1.2597  77.0%     34       1

  Seed 777:
       N    ╧ü_all    ╧ü_bnd   ╧ü_deep         V     Acc  n_bnd  n_deep
  -----------------------------------------------------------------
     100  -0.0539  -0.2618  -0.0493    0.9344  85.0%      3      52
     200  +0.0387  +0.0000  +0.0461    0.9132  74.0%      0      43
     300  -0.0388  +0.2205  -0.0796    0.9161  85.0%      2      39
     400  +0.0112  +0.1095  -0.0099    0.9161  81.0%      5      26
     500  +0.0034  -0.0096  +0.0829    0.9277  90.0%      5      17
     600  -0.0541  -0.1736  -0.1279    0.9478  76.0%      7      19
     700  -0.1213  -0.1006  -0.0507    0.9803  77.0%     13      19
     800  -0.1357  -0.2014  -0.2756    1.0196  80.0%     13      18
     900  -0.0833  -0.1902  -0.1427    1.0456  79.0%     17      17
    1000  +0.0136  -0.2644  -0.1111    1.0364  78.0%     12      16
    1100  -0.0567  -0.2213  -0.0317    1.0202  78.0%     18      17
    1200  -0.0570  -0.1632  +0.0009    1.0346  81.0%     10      14
    1300  -0.0487  -0.1095  +0.0550    1.0537  73.0%     15      20
    1400  +0.0095  -0.1259  -0.1450    1.0524  83.0%     16      13
    1500  -0.0888  -0.1489  -0.1653    1.0838  83.0%     18      14
    1600  -0.0328  -0.0478  -0.0852    1.0734  77.0%     17      13
    1700  -0.1256  -0.1872  -0.1718    1.1153  76.0%     18      14
    1800  -0.0631  -0.1687  -0.2238    1.1155  74.0%     29      12
    1900  -0.0517  -0.2399  +0.0046    1.1288  77.0%     22       8
    2000  -0.0593  -0.1389  -0.0292    1.1517  74.0%     24      10
    2100  -0.0184  -0.2530  -0.1390    1.1394  74.0%     29       8
    2200  -0.1207  -0.1907  -0.3440    1.1896  74.0%     17       9
    2300  -0.0508  -0.2151  -0.0884    1.1871  81.0%     15      10
    2400  -0.0357  -0.2282  +0.0989    1.1804  74.0%     20       4
    2500  +0.0019  -0.0486  -0.2290    1.1744  81.0%     19      10
    2600  -0.0701  -0.2318  -0.0336    1.1771  75.0%     22       3
    2700  -0.0868  -0.1756  +0.1429    1.1994  80.0%     23       8
    2800  -0.1180  -0.2082  -0.4697    1.2283  73.0%     23       3
    2900  -0.0782  -0.1416  +0.0447    1.2377  74.0%     25       5
    3000  -0.0657  -0.2591  +0.0245    1.2381  73.0%     20       6
    3100  -0.1074  -0.2548  +0.0413    1.2514  75.0%     28       3
    3200  -0.0461  -0.2672  -0.3552    1.2594  82.0%     17       2
    3300  -0.0535  -0.0929  -0.0002    1.2603  77.0%     16       8
    3400  -0.0481  -0.1956  +0.3241    1.2646  74.0%     18       2
    3500  -0.0752  -0.3302  +0.2225    1.2907  77.0%     17       6
    3600  -0.0606  +0.0058  +0.0883    1.3120  79.0%     20       4
    3700  -0.0911  -0.1562  -0.4648    1.3556  71.0%     25       2
    3800  -0.0153  -0.1186  +0.3283    1.3408  79.0%     30       1
    3900  -0.0722  -0.3092  +0.0294    1.3600  78.0%     18       3
    4000  -0.0647  -0.1824  +0.4483    1.3702  76.0%     25       1

==========================================================================================
SECTION 2: ╧ü from GENERIC prior (does ╧ü start high?)
==========================================================================================

  Seed 42 (generic prior):
       N        ╧ü         V     Acc
  ------------------------------
     100  +0.1781    8.0476  38.0%
     200  +0.1642    7.9637  54.0%
     300  +0.0587    7.9497  48.0%
     400  +0.1375    7.8774  49.0%
     500  +0.1311    7.8076  55.0%
     600  +0.0838    7.7838  55.0%
     700  +0.0555    7.8033  55.0%
     800  +0.0717    7.7928  55.0%
     900  +0.0433    7.8292  58.0%
    1000  +0.0674    7.7917  56.0%
    1100  +0.0242    7.8124  49.0%
    1200  +0.0750    7.7759  56.0%
    1300  +0.0801    7.7267  61.0%
    1400  +0.1303    7.7133  58.0%
    1500  +0.0406    7.7170  58.0%
    1600  +0.0578    7.7153  58.0%
    1700  +0.0823    7.6941  66.0%
    1800  +0.0466    7.6696  49.0%
    1900  +0.0541    7.6556  58.0%
    2000  +0.0618    7.6696  60.0%
    2100  +0.0545    7.6707  58.0%
    2200  +0.0618    7.6408  61.0%
    2300  +0.1003    7.6039  66.0%
    2400  +0.1219    7.5895  64.0%
    2500  +0.0155    7.6159  52.0%
    2600  +0.0443    7.6158  51.0%
    2700  -0.0105    7.6614  47.0%
    2800  +0.0835    7.6147  63.0%
    2900  +0.0893    7.5598  59.0%
    3000  +0.0388    7.5394  58.0%
    3100  +0.0373    7.5491  55.0%
    3200  +0.0405    7.5241  62.0%
    3300  +0.0760    7.5238  56.0%
    3400  +0.0431    7.5300  58.0%
    3500  +0.0386    7.5235  50.0%
    3600  +0.0750    7.5426  59.0%
    3700  +0.0406    7.5510  67.0%
    3800  +0.0707    7.5674  48.0%
    3900  +0.0696    7.5395  53.0%
    4000  +0.0438    7.5322  75.0%

==========================================================================================
SECTION 3: ╧ü after distribution shift at N=2000
==========================================================================================

  Seed 42 (shift at N=2000):
       N        ╧ü         V     Event
  -----------------------------------
     100  +0.0898    0.5790  
     200  +0.0282    0.5704  
     300  -0.0597    0.5836  
     400  +0.0276    0.5752  
     500  -0.0585    0.5894  
     600  -0.0747    0.6095  
     700  -0.0788    0.6305  
     800  -0.0487    0.6565  
     900  -0.0686    0.6772  
    1000  -0.0529    0.6837  
    1100  -0.0931    0.6894  
    1200  -0.0618    0.7078  
    1300  -0.0988    0.7159  
    1400  -0.0224    0.7301  
    1500  -0.0926    0.7452  
    1600  -0.0731    0.7656  
    1700  -0.0632    0.7834  
    1800  -0.1266    0.8365  
    1900  -0.0850    0.8581  
    2000  -0.0609    0.8867  SHIFT
    2100  -0.0374    1.1641  
    2200  -0.0031    1.1496  
    2300  -0.0163    1.1500  
    2400  -0.0284    1.1632  
    2500  -0.0959    1.1839  
    2600  -0.0382    1.1740  
    2700  -0.1052    1.2043  
    2800  -0.0772    1.2140  
    2900  -0.0482    1.2108  
    3000  -0.0336    1.2023  
    3100  -0.0902    1.2285  
    3200  -0.0881    1.2487  
    3300  -0.0656    1.2774  
    3400  -0.0584    1.2915  
    3500  -0.0492    1.3248  
    3600  -0.0790    1.3398  
    3700  -0.0613    1.3476  
    3800  -0.0677    1.3615  
    3900  -0.0573    1.3911  
    4000  -0.0333    1.3752  

==========================================================================================
BINARY QUESTIONS
==========================================================================================
Q1: Does ╧ü decrease as centroids converge? (see Section 1)
Q2: Is there a crossover at ╧ü = 0.5? (see Section 2)
Q3: Is ╧ü_boundary > ╧ü_deep? (see Section 1)
Q4: Does ╧ü increase after shift? (see Section 3)

DONE.
